"pm10" "direction" "speed"
"1" 17 18.8439194615155 1.1
"2" 33 93.3073758171612 1.55
"3" 23 139.856797691404 3.36666666666667
"4" 32 46.861374142361 1.7
"5" 1 18.4464209611953 1.35
"6" 21 278.926504632318 1.4
"7" 13 39.8217059196582 1.4
"8" 11 26.4887998480946 2.25
"9" 11 8.82868740524433 1.31666666666667
"10" 25 282.353024935961 2.66666666666667
"11" 4 42.6680357019273 1.85
"12" 21 117.689738922765 1.86666666666667
"13" 28 78.6884987310291 1.46666666666667
"14" 12 47.6623043262345 1.75
"15" 30 16.801132440253 2.83333333333333
"16" 80 112.846672144375 1.41666666666667
"17" 40 105.282819524741 3.51666666666667
"18" 17 42.1422557063745 3.96666666666667
"19" 12 66.5214068155127 4.18333333333333
"20" 9 61.2496473990374 3.98333333333333
"21" 12 82.2244963049882 2.03333333333333
"22" 10 60.0279456177201 3.25
"23" 16 26.6774605229097 2.75
"24" 17 74.4468168509159 3.2
"25" 18 120.339791988564 1.78333333333333
"26" 25 309.633059093254 3.31666666666667
"27" 61 130.006104422162 1.01666666666667
"28" 22 33.4969424152404 4.73333333333333
"29" 19 96.9198308864157 2.3
"30" 28 121.327716852526 1
"31" 13 351.384626933127 6.53333333333333
"32" 12 100.844834964985 1.3
"33" 28 125.807880350401 2.28333333333333
"34" 20 124.848265914401 3
"35" 47 9.49522268291994 1.55
"36" 5 40.3516940751872 2.2
"37" 35 286.599883633443 1.8
"38" 41 110.620494169103 1.71666666666667
"39" 32 242.13534911326 2.63333333333333
"40" 20 342.351824586085 2.35
"41" 15 343.356256888732 6.58333333333333
"42" 18 16.6647420543739 3.36666666666667
"43" 8 76.6457972119752 2
"44" 16 118.520706672444 1.8
"45" 15 129.340226087305 1.95
"46" 14 236.802478329138 4.35
"47" 5.2 252.270704282631 7.75
"48" 6 18.3591662221265 5.81666666666667
"49" 11 306.659309955724 1.7
"50" 19 333.00316161026 6.36666666666667
"51" 8 50.8558861604183 1.16666666666667
"52" 12 341.876900078541 2.7
"53" 10 341.60915951708 4.83333333333333
"54" 16 309.030476793121 1.61666666666667
"55" 28 328.632778861348 3.96666666666667
"56" 13 325.072215523492 6.16666666666667
"57" 6 319.663576284907 7.28333333333333
"58" 17 168.088850836071 1.73333333333333
"59" 8 342.660361689282 4.03333333333333
"60" 7 341.330105493034 5.53333333333333
"61" 10 210.429679281924 1.8
"62" 10 112.865525088134 1.36666666666667
"63" 16 37.3302272546799 9.38333333333333
"64" 6 26.0039640857508 4.15
"65" 8 107.746316909907 1.76666666666667
"66" 2 18.9990850097518 2.41666666666667
"67" 12 249.527182123887 3.75
"68" 29 288.650175653494 1.48333333333333
"69" 8.2 310.275577721561 1.3
"70" 10 16.2719655432002 3.35
"71" 25 323.387568616299 1.63333333333333
"72" 7 176.654113130211 1.61666666666667
"73" 11 332.942073117277 6.01666666666667
"74" 34 154.879551394212 2.5
"75" 4 230.659896851038 10.6
"76" 10 328.706206165514 5.76666666666667
"77" 24 340.7475238041 3.03333333333333
"78" 11 30.5244356496743 1.93333333333333
"79" 16 134.303000835464 2.95
"80" 3 234.338730819918 10.2166666666667
"81" 8 237.83349888896 10.3166666666667
"82" 19 226.667127636004 10.2
"83" 8 236.432176974289 13.6666666666667
"84" 14 239.817356380065 7
"85" 9.2 233.334500476311 11.8
"86" 30 250.714026702215 5.7
"87" 10 310.453946481104 7.38333333333333
"88" 13 314.513571857426 8.25
"89" 16 4.79480639763567 2.66666666666667
"90" 12 34.0192783896668 3.76666666666667
"91" 7 48.3307547572343 1.75
"92" 8 23.9033692244848 1.06666666666667
"93" 7 1.73104903483256 2.63333333333333
"94" 40 12.1321441917773 1.86666666666667
"95" 4 18.5006861904178 2.61666666666667
"96" 15 122.222872514469 2.28333333333333
"97" 17 45.6337756916297 1.96666666666667
"98" 25 249.921180565786 3.15
"99" 8 21.3265975325746 2.88333333333333
"100" 20 218.348797388611 3.66666666666667
"101" 11 161.658620220737 1.46666666666667
"102" 7 86.7798355283882 1.65
"103" 19 297.830795489454 3.16666666666667
"104" 16 11.2759093065189 2
"105" 9 228.099485972752 4.1
"106" 19 168.565193282337 3
"107" 13 110.121530866046 1.11666666666667
"108" 16 140.331073488011 2.1
"109" 11 174.685836578146 2.85
"110" 6 224.338097323462 7.15
"111" 5 228.5 12.8666666666667
"112" 10 229.997100265989 14.65
"113" 6 300.07917114922 2
"114" 20 313.164014959616 4.83333333333333
"115" 33 1.61156509907881 1.73333333333333
"116" 22 337.550707812563 5.73333333333333
"117" 1.2 48.6789770801234 1.38333333333333
"118" 2.8 102.994059302411 2.08333333333333
"119" 15 293.719602204071 1.23333333333333
"120" 5.2 9.67081865870121 1.71666666666667
"121" 30 294.340198709058 2.53333333333333
"122" 29 357.973473514368 1.35
"123" 9 26.8225690753877 2.23333333333333
"124" 37 213.420179784927 3.41666666666667
"125" 18 105.260096254574 1.58333333333333
"126" 32 41.2972570841444 1
"127" 9 91.3660269985816 1.98333333333333
"128" 23 234.76852196299 4.46666666666667
"129" 17 101.161300578849 1.18333333333333
"130" 28 260.178712713015 4.63333333333333
"131" 16 301.950855647345 3.23333333333333
"132" 8 34.0678996475585 1.25
"133" 11 339.005606932201 4.95
"134" 13 17.660931374145 2.1
"135" 18 300.516156659188 3.7
"136" 43 9.98763211827019 1.48333333333333
"137" 13 41.7980277751544 2.81666666666667
"138" 5 118.636050544826 2.23333333333333
"139" 23 275.667386959845 3.05
"140" 51 209.869685412123 4.01666666666667
"141" 67 21.7131108837274 1.3
"142" 73 238.905698485847 4.26666666666667
"143" 112 133.178349934625 1.31666666666667
"144" 51 301.491344113726 3.26666666666667
"145" 13 17.4511651006013 2.43333333333333
"146" 39 267.686111586242 1.58333333333333
"147" 15 25.1301663344528 2.33333333333333
"148" 25 290.950491567501 2.6
"149" 16 14.4936861379764 2.3
"150" 36 296.783953548709 3.3
"151" 20 172.639421166701 2.1
"152" 14 280.174675026894 3.85
"153" 3 9.62278196076585 1.65
"154" 17 305.64760012953 4.15
"155" 37 29.4380363563618 1.1
"156" 10 19.4547737482817 2.05
"157" 12 278.188862351961 2.78333333333333
"158" 11 243.937523364114 2.76666666666667
"159" 9 200.308777294924 2.56666666666667
"160" 14 270.48996065686 4.31666666666667
"161" 13 138.663633748693 2.5
"162" 11 142.166916124988 3.78333333333333
"163" 15 161.191895222615 5.56666666666667
"164" 20 222.180187268976 11.7666666666667
"165" 8.2 233.188509278989 9.96666666666667
"166" 25 231.508677877363 5.01666666666667
"167" 23 247.311278188046 6.4
"168" 14 130.667043050954 2.48333333333333
"169" 29 178.834436606587 2.76666666666667
"170" 12 153.834592391832 3.71666666666667
"171" 14 164.082153026062 5.96666666666667
"172" 5 230.335602950979 12.0833333333333
"173" 10 226.333397273309 15.7833333333333
"174" 10 237.487597274917 10
"175" 17 308.82654175963 7.18333333333333
"176" 9 40.9078333975516 1.56666666666667
"177" 5 35.8626650047806 3.11666666666667
"178" 13 204.494181759936 3.85
"179" 12 240.629194235178 4.4
"180" 21 335.291179511724 3.83333333333333
"181" 11 216.500607410821 2.11666666666667
"182" 16 245.822090400145 3.51666666666667
"183" 24 36.7328709004305 1.43333333333333
"184" 6.2 260.09703180882 2.51666666666667
"185" 13 281.060005760469 1.13333333333333
"186" 8 148.083768842186 1.28333333333333
"187" 19 282.099136739544 2.11666666666667
"188" 15 8.98788298803058 3.63333333333333
"189" 17 13.2802020991731 1.53333333333333
"190" 17 30.9790239094888 3.38333333333333
"191" 39 21.1661865759592 1.25
"192" 6.8 5.32391741110229 1.46666666666667
"193" 23 232.833761614074 9.26666666666667
"194" 4 325.52518815543 2.61666666666667
"195" 1.2 41.4031595275611 1.1
"196" 12 0.993654099936564 7.56666666666667
"197" 13 358.007119245378 2.08333333333333
"198" 18 341.32947982217 9.75
"199" 25 0.0796925820937554 7.31666666666667
"200" 20 340.971210180485 2.05
"201" 16 30.5741156228571 5.15
"202" 20 304.013065869689 3.85
"203" 38 121.669393952612 1.23333333333333
"204" 2 0.162899252062787 1.23333333333333
"205" 32 259.857345068279 6.95
"206" 20 159.394850292399 1.33333333333333
"207" 9 157.793671201431 2.33333333333333
"208" 11 3.486011132318 5.16666666666667
"209" 16 351.436001098579 9.61666666666667
"210" 16 29.8747199183849 5.45
"211" 12 344.992652691112 3.58333333333333
"212" 10 357.026727385535 4.41666666666667
"213" 11 15.344450847569 7.7
"214" 15 352.502455088679 5.4
"215" 19 29.1797760314488 6.13333333333333
"216" 11 27.7973413654598 3.53333333333333
"217" 7.8 16.9694168482674 6.75
"218" 7 3.47847890919963 4.66666666666667
"219" 5 116.071235453432 2.01666666666667
"220" 15 314.015801388632 5.15
"221" 19 355.142561395249 2.46666666666667
"222" 13 80.5622242899528 2.7
"223" 4.8 50.7158564326338 1.08333333333333
"224" 19 249.325307027903 6.25
"225" 25 10.2646044987491 1.8
"226" 8.8 5.37651954848994 2.85
"227" 16 310.94228229791 3.86666666666667
"228" 17 311.086909297722 2.91666666666667
"229" 5.2 38.3645953073239 1.86666666666667
"230" 27 319.496438814272 3.75
"231" 10 126.12870252882 2.11666666666667
"232" 19 350.385869853281 8.3
"233" 37 23.0763584490723 5.83333333333333
"234" 11 75.4278683823167 3.35
"235" 20 44.2427893971878 4.06666666666667
"236" 40 352.680541638404 10.4166666666667
"237" 30 38.7422517476344 6.35
"238" 18 50.1692166335376 7.26666666666667
"239" 21 33.4957594469872 5.9
"240" 22 40.9098514013977 4.9
"241" 19 308.209384129912 1.9
"242" 21 45.9546369554242 1.96666666666667
"243" 29 68.2917759003537 2.9
"244" 14 304.434490877993 1.56666666666667
"245" 25 114.557218089004 2.25
"246" 12 106.840818070168 1.41666666666667
"247" 26 301.961767446962 4.56666666666667
"248" 29 305.38379084155 1.3
"249" 11 84.4721597369056 1.31666666666667
"250" 14 280.102920990375 2.5
"251" 23 231.310582915482 3.9
"252" 12 4.18072617663674 1.75
"253" 7.2 352.934245188186 1.66666666666667
"254" 23 310.498979237331 4.53333333333333
"255" 10 125.558173369523 1.18333333333333
"256" 27 271.552608905001 5.98333333333333
"257" 12 101.288304075956 1.3
"258" 19 309.402939394882 4.23333333333333
"259" 33 276.131664421964 3.46666666666667
"260" 61 34.6959192018767 1.73333333333333
"261" 37 40.1984869376433 3
"262" 26 325.679850603223 5.31666666666667
"263" 15 39.8409302981168 4.38333333333333
"264" 11 351.3458115734 3.25
"265" 11 355.476716095175 3.03333333333333
"266" 13 353.487589544285 8.6
"267" 13 357.95306586118 2.26666666666667
"268" 8.2 3.38348322860256 1.71666666666667
"269" 12 202.476586112332 5.11666666666667
"270" 5.5 180.600719290515 3.05
"271" 8.5 147.652287215379 1.78333333333333
"272" 6.8 119.527792037994 3
"273" 8.7 170.840307153623 3.4
"274" 12 102.442318281534 1.08333333333333
"275" 8.3 243.415605663979 5.58333333333333
"276" 12 271.947401489262 4.5
"277" 13 300.928348402214 6.13333333333333
"278" 20 28.8644897147589 2.18333333333333
"279" 1 359.888352985011 2.26666666666667
"280" 6.2 176.608617477367 3.1
"281" 4 182.903076363142 4.38333333333333
"282" 11 239.700742955634 2.95
"283" 12 73.7358077151747 2.25
"284" 20 228.166771582836 11.5833333333333
"285" 21 225.409194974749 8.98333333333333
"286" 7.2 150.990631421393 3.05
"287" 14 270.136717963702 4.18333333333333
"288" 18 242.474064355443 6.65
"289" 25 304.241877520538 3.45
"290" 14 172.559710641274 2
"291" 14 280.513073600857 1.9
"292" 18 323.469868522871 4.06666666666667
"293" 7.2 34.7331150488918 1.4
"294" 12 306.023033420424 4.18333333333333
"295" 14 234.93086442018 3.31666666666667
"296" 8 25.2318440193631 2.95
"297" 27 247.483421701075 6.56666666666667
"298" 18 12.8198612520153 1.15
"299" 9.2 2.68529164315438 1.68333333333333
"300" 18 224.677186736769 5.1
"301" 12 225.796851852476 2.21666666666667
"302" 11 237.761923589946 1.4
"303" 7.7 182.804673555014 1.58333333333333
"304" 11 286.931613434189 2.2
"305" 11 177.996378884618 2.06666666666667
"306" 11 205.991296416575 4.56666666666667
"307" 8.7 196.685066091765 5.1
"308" 16 239.874066016576 5.91666666666667
"309" 8 351.762854223282 1.55
"310" 12 212.461193446056 5.81666666666667
"311" 14 234.664497194139 2.31666666666667
"312" 15 255.687373224436 1.88333333333333
"313" 9.3 227.877710635844 1.06666666666667
"314" 6.5 124.820375687162 1.23333333333333
"315" 7.3 282.148813599191 4.35
"316" 16 339.997604917915 2.63333333333333
"317" 11 117.472691955271 1.78333333333333
"318" 7.3 348.876716775569 1.7
"319" 6.8 349.810924372809 7.01666666666667
"320" 10 23.7558327706683 5.36666666666667
"321" 12 133.890546506387 2.18333333333333
"322" 4.3 84.4071467558485 3.01666666666667
"323" 30 31.81285466469 7.03333333333333
"324" 27 15.5127657404526 6.65
"325" 15 29.069228167544 4.4
"326" 13 7.00896048993286 4.78333333333333
"327" 16 31.9776552733142 6.33333333333333
"328" 17 37.0281606157783 2.6
"329" 4.8 27 2.31666666666667
"330" 26 257.827711639032 4.65
"331" 5 356.340289817468 1.16666666666667
"332" 5 94.7803530207174 1.5
"333" 6 322.325025413971 2.51666666666667
"334" 23 242.866177346444 6.08333333333333
"335" 9 126.22243280579 1.93333333333333
"336" 5 149.823803113488 2.01666666666667
"337" 7.3 219.5 13.1166666666667
"338" 15 227.166780777756 10.6666666666667
"339" 18 237.14163275474 4.08333333333333
"340" 15 223.3060705538 11.1333333333333
"341" 19 222.853033011256 9
"342" 18 220.627586605021 7.63333333333333
"343" 8.2 277.018122006386 2.33333333333333
"344" 23 249.133433619604 4.65
"345" 25 289.49258062237 3.28333333333333
"346" 19 77.1232877185217 1.35
"347" 25 294.800437194758 4.53333333333333
"348" 16 15.5694201941081 2.81666666666667
"349" 16 41.4828841563422 4.86666666666667
"350" 8 21.8281445942906 2.28333333333333
"351" 10 319.171386284668 3.95
"352" 27 264.991036677864 2.25
"353" 35 318.82915071794 5.7
"354" 28 262.786944143019 1.03333333333333
"355" 20 1.23972626255612 2.55
"356" 18 43.1812230078037 2.78333333333333
"357" 20 309.00076330609 4.6
"358" 22 0.309229321843163 9.26666666666667
"359" 12 16.9189578606432 3.2
"360" 11 29.7854191413273 6.5
"361" 19 24.4914453302798 8.6
"362" 13 28.6592852090349 6.25
"363" 8 19.9691573523047 5.33333333333333
"364" 17 32.2298606317281 8.28333333333333
"365" 22 29.5040479287004 8.18333333333333
"366" 12 25.6647341701542 9.25
"367" 14 52.1595634990582 3.65
"368" 17 5.3979935115182 5.41666666666667
"369" 13 20.2942710084186 7.93333333333333
"370" 17 358.578199393305 4.56666666666667
"371" 5.2 91.521190282525 1.53333333333333
"372" 11 35.3165397300442 2.68333333333333
"373" 20 287.497696063568 3.5
"374" 22 15.4491646060516 3.5
"375" 9 63.47999463394 4.48333333333333
"376" 11 81.2559876470828 1.75
"377" 13 268.737274801835 5.1
"378" 22 230.832990578133 3.15
"379" 13 135.13557217595 1.58333333333333
"380" 23 264.882231561594 3.48333333333333
"381" 17 255.052489280297 3.71666666666667
"382" 16 129.619467366052 1.56666666666667
"383" 5 130.685723557929 3.05
"384" 8 231.003572625775 7.43333333333333
"385" 9 230.1660940282 10.9833333333333
"386" 1.2 123.695031573904 4.15
"387" 15 220.168949225066 11.4833333333333
"388" 19 224.831769856137 14.7666666666667
"389" 30 215.665009912131 10.8833333333333
"390" 25 138.19767225109 1.4
"391" 19 211.578002712778 3.31666666666667
"392" 12 260.734871540816 4
"393" 5.2 223.999847656487 10.6833333333333
"394" 7 224.497557853942 7.61666666666667
"395" 18 230.002388432518 4.95
"396" 7 248.520043370562 4.91666666666667
"397" 9 225.966714122899 3.21666666666667
"398" 8 351.516317786477 1.51666666666667
"399" 8 28.3305819077123 5.63333333333333
"400" 10 354.620668464913 7.21666666666667
"401" 19 44.8197383748507 5.25
"402" 9 132.996030704579 1.01666666666667
"403" 8 290.28555661015 3.41666666666667
"404" 18 260.470450121025 2.15
"405" 23 217.820319567675 1.13333333333333
"406" 20 308.162271938443 4.16666666666667
"407" 10 15.475779599432 2.18333333333333
"408" 27 156.170752896623 2.11666666666667
"409" 26 242.354552304986 5.51666666666667
"410" 12 354.563895390764 2.01666666666667
"411" 19 283.514442103837 2.18333333333333
"412" 27 255.176275463584 5.36666666666667
"413" 30 202.516962237739 1.95
"414" 39 359.179427103565 3.68333333333333
"415" 30 264.072786778165 2.75
"416" 18 315.166365595973 6.8
"417" 17 326.833080064772 3.03333333333333
"418" 13 326.508367779542 3.56666666666667
"419" 10 314.118556622232 4.5
"420" 11 311.015449938913 7.61666666666667
"421" 10 34.5186355917048 2.08333333333333
"422" 7 212.30301676445 1.46666666666667
"423" 14 225.844203938297 6.53333333333333
"424" 11 235.626559029331 1.38333333333333
"425" 1 350.836861505186 2.28333333333333
"426" 10 242.959123274202 6.01666666666667
"427" 13 341.408010492028 4.11666666666667
"428" 9 62.2400412880263 1.38333333333333
"429" 16 18.4958285873254 2.96666666666667
"430" 12 265.977491057873 3.23333333333333
"431" 11 152.200344047742 1.06666666666667
"432" 7 11.4774549818107 2.38333333333333
"433" 21 272.880086091065 5.38333333333333
"434" 17 28.609183500186 1.61666666666667
"435" 10 22.4955955811955 1.73333333333333
"436" 24 285.859563535237 4.31666666666667
"437" 15 227.358241077361 3.08333333333333
"438" 7 357.200839957978 2.38333333333333
"439" 18 260.673106370183 6.38333333333333
"440" 16 307.395844828154 3.5
"441" 12 14.1508267778486 2.58333333333333
"442" 13 16.0254217894096 6.25
"443" 16 23.5003038795013 8.61666666666667
"444" 14 20.2438116522017 5.66666666666667
"445" 9 104.163358123136 3.4
"446" 14 356.325390632172 4.48333333333333
"447" 11 8.99793531777909 7.75
"448" 15 339.898574551951 5.25
"449" 14 15.3349077661637 6.4
"450" 8.2 357.99755575378 9.25
"451" 8 336.281284878721 8.08333333333333
"452" 19 355.495720694905 9.15
"453" 9 356.924394120284 3.98333333333333
"454" 11 352.885130063103 7.05
"455" 21 341.166533913118 9.43333333333333
"456" 25 17.8247608323681 6.76666666666667
"457" 10 30.3221295438145 5.23333333333333
"458" 16 31.9877443986375 6.31666666666667
"459" 27 2.33297811347105 8.9
"460" 19 57.061752683857 4.05
"461" 6 349.549163111205 3.88333333333333
"462" 27 356.92813661108 5.28333333333333
"463" 19 311.277391893485 4.61666666666667
"464" 25 29.9906581835646 3.9
"465" 4 35.8340326903384 2.5
"466" 24 317.970348740086 3.23333333333333
"467" 18 258.476661670144 2.31666666666667
"468" 9.2 17.4755452992422 1.93333333333333
"469" 56 232.998468390372 7.43333333333333
"470" 26 217.511835479301 2.9
"471" 5 359.230644555139 1.78333333333333
"472" 31 294.830420809775 3.98333333333333
"473" 20 293.521989392122 1.2
"474" 8 5.11296715708525 2.25
"475" 2.7 289.84211683638 1.63333333333333
"476" 37 321.997440499018 3.91666666666667
"477" 19 237.677406226223 3.6
"478" 9 202.48002342568 2.58333333333333
"479" 12 270.344063307745 2.83333333333333
"480" 19 243.051827061479 4.53333333333333
"481" 12 119.995169366206 2.08333333333333
"482" 6 171.115766832713 3.53333333333333
"483" 18 245.469862100019 5.81666666666667
"484" 16 308.692481784509 4
"485" 2 358.430522232746 1.75
"486" 16 279.613236653819 5.2
"487" 13 237.653263566336 5.88333333333333
"488" 10 130.331246090765 1.8
"489" 4 126.296952542978 2.28333333333333
"490" 4 137.012238103089 6.65
"491" 11 271.975202153356 3.61666666666667
"492" 7 207.059563579587 3.33333333333333
"493" 3 97.5554799515414 1.83333333333333
"494" 20 267.638736585736 5.66666666666667
"495" 13 260.985652023077 2.96666666666667
"496" 8 0.133604546021388 1.45
"497" 5 6.99832223873437 2.18333333333333
"498" 10 343.672267098559 4.83333333333333
"499" 8.2 310.230605156673 2.61666666666667
"500" 11 43.351491079088 1.66666666666667
"501" 11 309.00239406086 4.08333333333333
"502" 12 231.500888541179 6.48333333333333
"503" 5 27.0355205259833 2.53333333333333
"504" 7 23.536517652681 1.16666666666667
"505" 5 287.021622959545 5.71666666666667
"506" 8 306.64181712535 2.45
"507" 8 21.5190443658813 2.7
"508" 8 9.02327306748305 4.66666666666667
"509" 13 7.70675991344832 7.81666666666667
"510" 23 12.7894871515891 7.71666666666667
"511" 13 0.949847680182196 2.18333333333333
"512" 19 350.070635839436 5.05
"513" 17 296.577375675573 4.38333333333333
"514" 10 347.000614053059 2.63333333333333
"515" 21 297.862362395612 3.98333333333333
"516" 13 256.399858406669 4.13333333333333
"517" 2.2 3.87043992623017 1.15
"518" 19 285.9880655237 3.11666666666667
"519" 17 247.813722742444 6.96666666666667
"520" 8 221.004466098003 2.48333333333333
"521" 5 83.4365713515312 1.2
"522" 11 221.474300939259 6.28333333333333
"523" 10 242.185496318828 3.05
"524" 5.2 336.833532721277 1.58333333333333
"525" 13 301.374936184933 4.16666666666667
"526" 13 241.037315146816 4.26666666666667
"527" 5 23.0731709683067 1.53333333333333
"528" 24 256.73222859497 2.88333333333333
"529" 21 237.676676362487 3.66666666666667
"530" 11 91.6145438473853 2.13333333333333
"531" 20 187.300631807547 5.18333333333333
"532" 14 227.495723307911 9.41666666666667
"533" 9 222.506033785759 3.18333333333333
"534" 13 126.574914833103 2.23333333333333
"535" 9.2 246.174719993631 5
"536" 8 251.754404955516 1.91666666666667
"537" 8 5.67093358522665 7.03333333333333
"538" 21 14.1661250092721 6.11666666666667
"539" 12 59.8073552216521 2.06666666666667
"540" 12 17.6198119213858 2.31666666666667
"541" 13 290.697151903642 4.68333333333333
"542" 14 31.2877010459813 1.2
"543" 10 151.165222830498 2.06666666666667
"544" 16 252.873323022331 3.18333333333333
"545" 13 136.999951437882 2.56666666666667
"546" 5 127.407890115744 2.43333333333333
"547" 5.2 230.724507658099 3.1
"548" 17 269.500785783935 3.6
"549" 75 3.39727687017161 2.48333333333333
"550" 12 165.700773122924 2.06666666666667
"551" 20 246.398199632967 5.76666666666667
"552" 19 152.799279413653 1.2
"553" 12 289.057985347982 4.3
"554" 26 260.796048249167 3.45
"555" 13 246.836071533157 1.48333333333333
"556" 13 243.398106785729 2.58333333333333
"557" 9 276.890782091038 2.38333333333333
"558" 6.8 259.214806863238 3.21666666666667
"559" 11 253.326979801744 2.23333333333333
"560" 11 239.667467716019 7.3
"561" 11 48.2441492517862 1.03333333333333
"562" 2 341.628673554881 1.3
"563" 11 318.667855779801 3.76666666666667
"564" 11 233.667855779801 5.01666666666667
"565" 6.8 353.334720258801 1.16666666666667
"566" 24 304.058992966425 2.78333333333333
"567" 23 232.004671379336 5.4
"568" 15 15.6396282234357 4.43333333333333
"569" 9.8 33.9906308228983 2.03333333333333
"570" 8.2 351.00509576405 6.93333333333333
"571" 16 2.50023673909202 6.23333333333333
"572" 12 353.291617101381 3.66666666666667
"573" 5.2 11.5623101627552 3.98333333333333
"574" 14 35.0579993337655 6.66666666666667
"575" 28 31.3327534025776 8.31666666666667
"576" 8.2 21.0162966221466 5.9
"577" 7 23.1564970809441 3.46666666666667
"578" 19 13.4990836131992 7.78333333333333
"579" 24 347.500507966471 10.25
"580" 8 31.4064160900425 4.45
"581" 11 253.090418568818 2.11666666666667
"582" 44 319.359431021746 4.91666666666667
"583" 19 245.411703602356 2.6
"584" 26 272.618544607344 3.95
"585" 17 308.616828004117 2.33333333333333
"586" 10 265.440811515056 1.88333333333333
"587" 16 239.001016992354 6.35
"588" 16 295.55478023937 1.11666666666667
"589" 7 28.8189416496019 1.73333333333333
"590" 21 277.140233625597 3.78333333333333
"591" 21 331.217879565764 1.48333333333333
"592" 9.2 3.14419714747786 1.26666666666667
"593" 18 300.565321815437 3.56666666666667
"594" 19 317.617446160919 3.9
"595" 23 348.656641346685 5.46666666666667
"596" 12 86.1949444642487 1.11666666666667
"597" 13 343.163154685342 3.98333333333333
"598" 25 244.678637384269 3.78333333333333
"599" 17 1.12985047440615 3.8
"600" 13 63.3103699294795 2.75
"601" 26 351.122529926543 8.08333333333333
"602" 20 317.973630767506 7.41666666666667
"603" 24 28.2459684321727 5.76666666666667
"604" 13 65.0547750213893 3.46666666666667
"605" 30 298.984675066623 3.01666666666667
"606" 25 316.019147818025 4.03333333333333
"607" 13 37.7671550644512 4.26666666666667
"608" 27 278.10660427844 3.01666666666667
"609" 31 259.698333933528 3.51666666666667
"610" 25 34.3112301181168 4
"611" 20 57.3605344851832 2.73333333333333
"612" 35 15.4082188774664 5.61666666666667
"613" 29 264.785320647072 3.68333333333333
"614" 34 212.597632871391 2.56666666666667
"615" 28 316.402779060975 1.25
"616" 30 309.87386449206 4.66666666666667
"617" 27 240.160859970425 4
"618" 10 145.09967737248 2.36666666666667
"619" 24 314.836151844917 4.61666666666667
"620" 22 226.166365595973 1.73333333333333
"621" 16 21.590374057277 2.3
"622" 24 311.999439242212 4.78333333333333
"623" 26 353.487779076704 7.05
"624" 11 38.1533669027949 3.31666666666667
"625" 10 15.1796094356088 5.56666666666667
"626" 27 352.493770936901 12.1333333333333
"627" 27 2.33202571764942 7.6
"628" 6 1.00168012974124 5.6
"629" 23 359.147533678335 5.83333333333333
"630" 17 8.90642570591013 6.46666666666667
"631" 28 352.185891932808 7.28333333333333
"632" 14 359.977674894185 4.46666666666667
"633" 16 335.33137188036 8.33333333333333
"634" 25 314.529177851937 3.91666666666667
"635" 11 1.80524405105183 6.13333333333333
"636" 5 125.260024746406 1.9
"637" 17 300.880911191634 3.78333333333333
"638" 18 292.155212334017 3.3
"639" 11 291.417771538676 1.4
"640" 5.8 356.498009904607 1.98333333333333
"641" 10 254.854013848468 5.16666666666667
"642" 24 242.150377192917 4.41666666666667
"643" 11 28.1281763755932 2.88333333333333
"644" 7 88.1309974163342 1.78333333333333
"645" 10 271.910563975667 4.46666666666667
"646" 22 348.973105757369 9.7
"647" 7.8 71.1317680969626 3.43333333333333
"648" 9.2 44.8740619774643 2.71666666666667
"649" 15 287.08688464766 3.81666666666667
"650" 21 299.279908391497 1.9
"651" 15 262.989879951149 2.15
"652" 17 271.041665887548 4.28333333333333
"653" 14 280.21476089028 3.63333333333333
"654" 2.2 46.2780134437247 1.48333333333333
"655" 21 314.832346293673 5.05
"656" 18 263.524792101329 4.31666666666667
"657" 7.8 166.166404825146 1.23333333333333
"658" 7 235.545126116216 3.08333333333333
"659" 19 247.592584108319 4.73333333333333
"660" 28 237.177008638094 3.51666666666667
"661" 11 351.513612689218 1.51666666666667
"662" 27 243.240658105368 6.11666666666667
"663" 26 244.524740585349 3.95
"664" 13 130.205515569337 1.41666666666667
"665" 6 220.515066396621 2.91666666666667
"666" 4.8 5.73583527268924 1.95
"667" 14 346.673576631945 5.11666666666667
"668" 8 60.401057402596 2.83333333333333
"669" 10 288.754318861273 3.51666666666667
"670" 9 270.349086562847 4.18333333333333
"671" 11 107.220584569289 2.1
"672" 18 215.164060476573 3.26666666666667
"673" 19 237.997240740978 6
"674" 16 317.163245194454 6.8
"675" 15 12.3829704557374 2.15
"676" 6 3.02969525962511 2.23333333333333
"677" 11 305.645184768218 4.88333333333333
"678" 12 329.748464951637 5.2
"679" 10 77.029507293868 2.25
"680" 17 35.2785414344547 4.25
"681" 12 331.833295719561 6.86666666666667
"682" 23 359.17128465983 5.4
"683" 14 90.0864667188875 1.83333333333333
"684" 19 65.5249615048568 2.23333333333333
"685" 15 310.341031226676 3.61666666666667
"686" 18 340.833763074637 4.91666666666667
"687" 8.2 44.5656453817642 2.3
"688" 16 330.895865955838 2.78333333333333
"689" 21 321.832143414449 3.6
"690" 7.8 358.328321649749 1.51666666666667
"691" 21 270.237955377292 3.43333333333333
"692" 12 292.602581272022 3.65
"693" 13 245.199875041956 1.03333333333333
"694" 15 298.679990959071 3.81666666666667
"695" 13 236.497327679146 6.38333333333333
"696" 10 11.9404030029955 1.56666666666667
"697" 13 249.164307837623 1.43333333333333
"698" 16 238.672641627302 7.91666666666667
"699" 10 227.689686072171 2.56666666666667
"700" 7.2 150.075075533456 1.51666666666667
"701" 13 206.269516114009 1.36666666666667
"702" 3.2 130.835059031722 1.16666666666667
"703" 17 198.323138739502 2.45
"704" 8 240.567052169453 3.3
"705" 6 187.946923629279 3.55
"706" 5 197.681023243445 2.35
"707" 7.2 217.368574581592 6.51666666666667
"708" 6 221.516771335475 7.41666666666667
"709" 14 225.502923100828 7.85
"710" 21 224.833126361898 9.05
"711" 27 228.830072476814 9.25
"712" 27 219.166746683818 7.61666666666667
"713" 25 94.159291602993 1.11666666666667
"714" 23 247.057049328316 6.13333333333333
"715" 19 287.510552579961 1.71666666666667
"716" 3.2 149.353787100401 1.08333333333333
"717" 12 257.615585439907 5.46666666666667
"718" 11 224.279597815991 1.86666666666667
"719" 4 337.896418415492 1.01666666666667
"720" 6.2 28.0106733563865 4.41666666666667
"721" 22 347.30059414943 8.46666666666667
"722" 19 27.3354665278868 4.51666666666667
"723" 10 65.5765625778998 3.2
"724" 11 28.156957576215 2.2
"725" 18 238.554880488063 5.66666666666667
"726" 15 347.375995620211 1.81666666666667
"727" 7.3 6.7099807749068 1.46666666666667
"728" 11 292.960256114827 3.33333333333333
"729" 13 298.76753138411 1.31666666666667
"730" 6 33.1952869338249 3.7
"731" 8 354.50846104777 5.1
"732" 17 309.983878508027 3.63333333333333
"733" 17 18.6709444235363 3.96666666666667
"734" 4 349.957763932302 2.11666666666667
"735" 15 278.566857698786 4.45
"736" 12 261.805955637938 3
"737" 10 179.97501662299 2.83333333333333
"738" 22 278.075820549071 4.2
"739" 13 233.138999552493 3
"740" 7.8 235.138500715114 2.65
"741" 7.2 349.597259808044 6.83333333333333
"742" 12 310.665466135019 5.53333333333333
"743" 14 38.3532299303932 2.6
"744" 11 0.491174511485067 3.76666666666667
"745" 17 11.8453413252087 7.03333333333333
"746" 29 2.97444010617598 8.78333333333333
"747" 12 5.68989385133273 5.03333333333333
"748" 12 44.0592154248167 3.21666666666667
"749" 26 23.3257311685185 6.51666666666667
"750" 34 336.663426845858 8.93333333333333
"751" 13 25.4868612860843 5.86666666666667
"752" 9 45.2524602582049 5.03333333333333
"753" 24 15.5540516119463 5.93333333333333
"754" 18 341.207895344081 7.3
"755" 11 39.3608138152013 4.1
"756" 4 82.6770885613655 1.2
"757" 15 292.191238064051 3.46666666666667
"758" 7.2 41.0954411203103 1.51666666666667
"759" 34 282.629635993566 3.68333333333333
"760" 24 316.784736677668 3.11666666666667
"761" 22 261.977095555169 2.03333333333333
"762" 20 354.82318766279 3.21666666666667
"763" 22 302.052921598683 4.51666666666667
"764" 19 321.677561990972 3.25
"765" 18 32.1988308360536 2.88333333333333
"766" 10 24.4626727451004 4.4
"767" 18 256.725950888211 3.43333333333333
"768" 29 96.8556093991446 1.88333333333333
"769" 22 6.54256251493718 1.61666666666667
"770" 22 27.0544163646543 1.68333333333333
"771" 23 306.816012290488 3.71666666666667
"772" 19 0.297892936068696 4.86666666666667
"773" 12 64.6749408519802 2.41666666666667
"774" 17 306.825969196302 4.75
"775" 16 226.335934651152 1.6
"776" 26 286.17302792164 2.55
"777" 18 230.960169259255 5.1
"778" 9.2 105.695826014023 1.48333333333333
"779" 17 313.497557853942 5.03333333333333
"780" 17 223.012873942723 1.33333333333333
"781" 16 303.515329899986 5.06666666666667
"782" 14 247.986583347211 2.95
"783" 16 335.536597243147 1.06666666666667
"784" 16 283.652034139046 4
"785" 23 346.994601111898 9.1
"786" 16 358.604597235335 4.31666666666667
"787" 16 13.6643315178704 5.91666666666667
"788" 10 34.9433607271414 7.85
"789" 17 28.8299039979781 8.61666666666667
"790" 16 32.8452925116351 7.13333333333333
"791" 8 36.1359770600043 6.16666666666667
"792" 14 22.3414201057304 6.78333333333333
"793" 27 349.329089936641 8.78333333333333
"794" 20 43.3197389210152 4.81666666666667
"795" 11 41.3177251338171 2.81666666666667
"796" 12 115.53289544074 2.56666666666667
"797" 16 299.012485734742 3.26666666666667
"798" 12 51.2400563111127 4.9
"799" 35 21.0582106769971 7.3
"800" 28 17.4851570656803 7.08333333333333
"801" 11 34.8182811767239 9.21666666666667
"802" 12 24.6630955125176 5.96666666666667
"803" 30 34.3746628819858 8.88333333333333
"804" 29 34.3146337549197 7.15
"805" 16 37 5.65
"806" 12 29.6497175374615 5.05
"807" 12 21.8328888232031 7.85
"808" 32 9.98617537576721 7.8
"809" 14 32.342013115736 6.93333333333333
"810" 8 118.813778007625 2.06666666666667
"811" 22 33.6811078887295 7.86666666666667
"812" 12 24.8761689342067 5.1
"813" 9 31.8551992912394 5.66666666666667
"814" 5 52.6034241473801 3.63333333333333
"815" 11 332.830993921315 6.11666666666667
"816" 13 324.815437203573 1.03333333333333
"817" 12 49.2670586996417 4.75
"818" 5 54.9862033616089 2.4
"819" 16 235.428705916972 5.31666666666667
"820" 9 339.500587098022 2.26666666666667
"821" 29 37.1839240771235 7.48333333333333
"822" 30 358.950701331382 7.5
"823" 15 121.155808467847 1.21666666666667
"824" 12 307.000719556158 4.06666666666667
"825" 16 2.77062530949431 7.86666666666667
"826" 26 1.68936979526302 5.48333333333333
"827" 12 53.399229849853 4.28333333333333
"828" 44 33.1691314676246 2.48333333333333
"829" 21 281.654911017834 3.03333333333333
"830" 24 124.511153009388 1.21666666666667
"831" 2 130.341010564121 1.23333333333333
"832" 31 16.1535981722217 4.9
"833" 29 345.163925313717 6.26666666666667
"834" 25 58.9198263082816 5.03333333333333
"835" 21 16.8256661662509 6.1
"836" 31 311.885664694987 5.05
"837" 24 232.821712098343 2.03333333333333
"838" 21 48.4567693931738 5.31666666666667
"839" 16 88.4226292447439 1.71666666666667
"840" 19 11.4297349372049 2.73333333333333
"841" 26 290.403572038094 2.21666666666667
"842" 13 108.807776691992 1.56666666666667
"843" 23 32.2476424747765 3.58333333333333
"844" 39 281.064587888628 2.41666666666667
"845" 13 36.6142830845686 1.01666666666667
"846" 23 320.667723222155 4.76666666666667
"847" 32 216.04791276011 1.45
"848" 26 307.704313732821 2.8
"849" 17 287.673980247403 3.93333333333333
"850" 14 246.600787861888 1.18333333333333
"851" 11 19.1444494388711 2.71666666666667
"852" 14 255.169834059876 3.26666666666667
"853" 9 232.667252255594 3.51666666666667
"854" 8.8 251.621906053271 1.18333333333333
"855" 13 218.939116124441 2.81666666666667
"856" 23 238.253850400543 1.05
"857" 8.8 151.246627123861 2.5
"858" 5 227.65718602162 5.55
"859" 20 228.165857181961 6.76666666666667
"860" 16 176.845232145973 1.83333333333333
"861" 14 104.163246869897 2.05
"862" 20 274.371608337626 3.76666666666667
"863" 11 113.170654695267 1.68333333333333
"864" 14 129.691998559903 3.05
"865" 18 235.829848367892 6.71666666666667
"866" 21 228.33820400228 5.28333333333333
"867" 11 127.015748511037 4.43333333333333
"868" 4 244.48220127737 5.35
"869" 20 233.998728275349 3.76666666666667
"870" 24 235.993128164337 2.81666666666667
"871" 20 247.010106734959 3.23333333333333
"872" 13 113.002292718459 1.46666666666667
"873" 23 277.873470330616 3.21666666666667
"874" 16 243.186555728986 2.55
"875" 12 116.449093716002 1.56666666666667
"876" 10 47.6231994051376 2.21666666666667
"877" 26 261.402327109485 2.83333333333333
"878" 8 354.355039896261 1.4
"879" 11 95.7332636493336 1.63333333333333
"880" 24 280.919297597438 2.76666666666667
"881" 11 10.6703013646518 1.83333333333333
"882" 9.2 117.588247822939 3
"883" 6.8 182.567308938877 1.56666666666667
"884" 3 103.675027573113 1.85
"885" 3.2 273.01450912361 1.03333333333333
"886" 4 271.173922938611 2.05
"887" 13 90.7539239800706 1.35
"888" 21 257.96089739162 2.18333333333333
"889" 23 251.464561558345 3.43333333333333
"890" 16 236.506184202487 3.16666666666667
"891" 10 351.664584595496 1.08333333333333
"892" 13 4.55788969867313 4.18333333333333
"893" 35 245.132072281719 3.43333333333333
"894" 4 5.02017490436049 2
"895" 49 104.461122018547 2.3
"896" 25 281.610561685259 1.73333333333333
"897" 13 1.33443456951803 2.4
"898" 23 253.710335456594 3.78333333333333
"899" 7.7 199.298012077378 1.46666666666667
"900" 15 251.217132680289 3.81666666666667
"901" 6 5.7090480428764 1.71666666666667
"902" 1.2 302.056128289183 3.53333333333333
"903" 16 2.45001293721394 1.23333333333333
"904" 6 101.61569348113 1.46666666666667
"905" 17 310.501426869628 3.08333333333333
"906" 19 35.9951207683366 1.31666666666667
"907" 10 345.662177100575 6.46666666666667
"908" 16 29.9266710123739 1.31666666666667
"909" 17 358.133912299325 6.45
"910" 15 328.764663333848 2.21666666666667
"911" 18 75.7630488640176 1.4
"912" 9 8.83833265553776 5.31666666666667
"913" 9.5 353.1990490285 8.36666666666667
"914" 24 111.169861475177 1.01666666666667
"915" 27 299.525291569701 3.58333333333333
"916" 14 3.62179370859958 2.46666666666667
"917" 33 135.021286973328 2
"918" 26 209.754911279117 3.18333333333333
"919" 19 141.669642124144 4.96666666666667
"920" 7 225.668940129643 4.25
"921" 7.7 232.852181979908 2.08333333333333
"922" 4 115.412688828863 1.83333333333333
"923" 1.2 144.916225471149 2.4
"924" 11 182.056401001552 2.55
"925" 11 277.971030097889 3.71666666666667
"926" 9.2 6.19587318008896 1.9
"927" 4.2 91.086946205299 2.05
"928" 12 142.676836359985 4.16666666666667
"929" 16 134.740644205991 3.6
"930" 8 135.774448953733 3.1
"931" 13 131.823123631762 3.51666666666667
"932" 11 186.284382849383 6.01666666666667
"933" 9 183.169346031525 3.45
"934" 7 212.524759829365 4.5
"935" 18 283.338867726094 1.25
"936" 9 87.2436168921328 1.38333333333333
"937" 11 234.778894537396 5.26666666666667
"938" 5 110.849232634574 2.26666666666667
"939" 5 230.103310794719 1.85
"940" 6 347.167595851714 7.71666666666667
"941" 11 327.50152669072 1.95
"942" 16 262.185739733428 1.43333333333333
"943" 3 359.18527452354 1.46666666666667
"944" 14 344.36612496433 3.56666666666667
"945" 10 42.7337915775309 3.68333333333333
"946" 13 12.8146995852525 5.56666666666667
"947" 6 24.4396608237557 2.95
"948" 7 339.489184258681 2.66666666666667
"949" 17 351.148943000812 2.46666666666667
"950" 10 320.34225770681 4.3
"951" 12 34.4502237916924 1.36666666666667
"952" 11 107.78655568875 2.7
"953" 5 134.417472680336 3.18333333333333
"954" 19 137.166059584782 2.03333333333333
"955" 17 140.429689317463 1.63333333333333
"956" 12 136.831503765831 2.61666666666667
"957" 20 246.872398151379 3.61666666666667
"958" 9 25.3349255579585 1
"959" 20 227.311577005433 4.58333333333333
"960" 26 8.75847013017452 1.2
"961" 14 25.6373750629876 1.05
"962" 23 328.866259870794 1.85
"963" 21 146.61319729647 3.03333333333333
"964" 11 130.306287726927 2.43333333333333
"965" 12 113.164598162041 1.6
"966" 9 87.5958611082177 2.21666666666667
"967" 12 229.306905353662 3.31666666666667
"968" 16 163.636235790998 2.23333333333333
"969" 13 267.040018991589 1.95
"970" 10 142.469078189509 2.46666666666667
"971" 7 330.499191887743 1.81666666666667
"972" 20 242.679538402299 1.06666666666667
"973" 19 211.735048792126 2.68333333333333
"974" 7 313.677553304194 1.11666666666667
"975" 5 219.666907542664 8.3
"976" 6 223.500228544282 6.2
"977" 29 220.332973636193 11.5333333333333
"978" 29 220.166365595973 13.9333333333333
"979" 28 232.540084634686 2.66666666666667
"980" 6 235.81125360273 2.15
"981" 18 226.164461137529 8.4
"982" 12 210.153461915912 7.95
"983" 17 314.49574891831 4.96666666666667
"984" 26 225.762194831443 3.13333333333333
"985" 10 216.832863995584 12.8166666666667
"986" 23 224 10.4
"987" 11 222.812444535602 11.7333333333333
"988" 16 223.196659552802 5.25
"989" 18 159.684987800935 2.08333333333333
"990" 11 146.503614428302 1.25
"991" 16 219.004983365147 2.86666666666667
"992" 21 332.832386813762 1.41666666666667
"993" 11 127.076092780709 2.35
"994" 6 136.213278045718 1.63333333333333
"995" 12 320.665703695968 6.15
"996" 4.2 84.565308710054 1.2
"997" 12 312.519299099335 5.26666666666667
"998" 12 241.670651281946 1.78333333333333
"999" 11 116.397514644057 2.21666666666667
"1000" 7.2 71.2778278322274 1.85
"1001" 17 259.31344817837 3.75
"1002" 22 9.05622863885572 1.45
"1003" 11 92.4282001419816 2.6
"1004" 2.2 36.3657379709022 2.75
"1005" 22 14.1532736518039 3.51666666666667
"1006" 29 26.1103202066216 1.2
"1007" 22 127.627676114035 1.15
"1008" 8 19.0307092453013 1
"1009" 43 307.857766437944 2.38333333333333
"1010" 12 17.6374126922039 1.93333333333333
"1011" 15 128.746032137341 3.36666666666667
"1012" 16 231.834516594546 6.5
"1013" 5 313.334445530074 4.11666666666667
"1014" 5.2 296.617030504501 2.13333333333333
"1015" 9 345.007971336017 5.91666666666667
"1016" 5 231.987569443267 3.86666666666667
"1017" 20 314.352046739864 7.81666666666667
"1018" 8 327.936187496792 2.3
"1019" 20 321.666451327629 10.05
"1020" 28 317.336621968589 8.23333333333333
"1021" 20 128.024172380733 1.81666666666667
"1022" 16 323.269295415232 5.9
"1023" 16 136.744994832186 1.15
"1024" 7.8 13.4039946972629 1.5
"1025" 8 137.002161249879 2.2
"1026" 18 222.269233580853 2.86666666666667
"1027" 17 241.5780293084 1.75
"1028" 8 41.4298332792459 1.3
"1029" 9 324.510523821912 2.58333333333333
"1030" 9 63.2262075958899 1.45
"1031" 12 318.496348665894 3.2
"1032" 11 5.80466489897532 2.96666666666667
"1033" 11 85.2301313923845 1.61666666666667
"1034" 12 314.179413834852 1.25
"1035" 12 38.0332496641918 1.08333333333333
"1036" 6 329.923814102264 3.23333333333333
"1037" 9 95.3160980509827 2.06666666666667
"1038" 13 66.8183940751516 1.86666666666667
"1039" 8 20.6298224940565 1.91666666666667
"1040" 12 187.669973720415 1.9
"1041" 33 133.662646254496 1.65
"1042" 18 139.844052397731 3.08333333333333
"1043" 28 288.921644554294 5.76666666666667
"1044" 18 315.826956365894 5.25
"1045" 11 17.4477595463987 1.13333333333333
"1046" 17 293.964511720538 3.65
"1047" 26 2.48096819197765 1.51666666666667
"1048" 5 65.637264988267 1.61666666666667
"1049" 16 260.279336236459 3.98333333333333
"1050" 4 230.339159952107 10.3333333333333
"1051" 24 222.666788869713 10.4333333333333
"1052" 16 222.166805880602 10.1833333333333
"1053" 18 170.875447857325 3.05
"1054" 17 134.992025017565 2.71666666666667
"1055" 9 139.835100999868 4.18333333333333
"1056" 18 223.501831934893 10.3666666666667
"1057" 23 230.345405421818 10.5833333333333
"1058" 15 227.497557853942 12.4666666666667
"1059" 23 223.166738157483 10.9833333333333
"1060" 15 220.488959521222 5.26666666666667
"1061" 13 225.666450279983 10.3333333333333
"1062" 16 223.326131431322 10.9333333333333
"1063" 4 274.115451129114 1.6
"1064" 11 142.707796675101 1.76666666666667
"1065" 5 222.834312186028 15.3
"1066" 6 29.0704030587381 1.51666666666667
"1067" 11 141.592751224514 2.56666666666667
"1068" 6 231.001017613833 10.75
"1069" 16 245.761597737595 7.98333333333333
"1070" 28 229.472622500471 8.61666666666667
"1071" 18 229.300408309306 4.78333333333333
"1072" 17 227.839411568152 9.18333333333333
"1073" 4 40.5031670240822 2.01666666666667
"1074" 5.2 18.6741985883036 8
"1075" 9 8.00571958984488 6.76666666666667
"1076" 14 289.786046922282 1.66666666666667
"1077" 11 336.902053657503 1.63333333333333
"1078" 15 30.658222002502 10.4166666666667
"1079" 9 22.6276660976306 4.73333333333333
"1080" 9 53.6416463404415 2.51666666666667
"1081" 10 12.9775279254995 1.56666666666667
"1082" 18 303.158092714188 2.53333333333333
"1083" 9 26.3331801739898 1.6
"1084" 10 34.2672182087087 1.23333333333333
"1085" 14 347.338723342124 6.26666666666667
"1086" 20 108.267684491844 2.56666666666667
"1087" 14 21.4968282007839 6.1
"1088" 24 21.9302215707513 3.93333333333333
"1089" 11 23.0045413128458 2.5
"1090" 43 103.192738840411 1.78333333333333
"1091" 4 36.096879745257 1.18333333333333
"1092" 23 273.662019620414 1.86666666666667
"1093" 10 29.3249617455146 1.56666666666667
"1094" 24 88.7553392111236 2.55
"1095" 28 107.80982442956 1.86666666666667
"1096" 37 121.178010427578 2.16666666666667
"1097" 15 113.771530596484 2.2
"1098" 23 39.0295665557168 1.75
"1099" 17 21.3586695047704 1.03333333333333
"1100" 7 10.4947932520325 1.55
"1101" 22 225.151576271946 2.5
"1102" 39 245.592204274834 5.65
"1103" 5 320.276949323975 1.01666666666667
"1104" 22 219.404381763159 2.78333333333333
"1105" 18 225.197488894278 4.61666666666667
"1106" 18 231.822227285882 7.28333333333333
"1107" 18 225.000152614555 12.25
"1108" 11 270.498090850367 4.11666666666667
"1109" 19 254.280807665843 5.68333333333333
"1110" 23 250.364174763833 3.83333333333333
"1111" 25 219.018877788619 7.38333333333333
"1112" 23 237.185988587267 5.43333333333333
"1113" 13 225.65987096431 14.1833333333333
"1114" 14 219.84553339356 10.1
"1115" 8 252.432184526928 6.05
"1116" 13 231.16838966656 9.46666666666667
"1117" 9 235.166907449828 13.4833333333333
"1118" 9 231.664410607689 6.9
"1119" 8 129.810133209951 2.05
"1120" 13 128.166661769457 3.51666666666667
"1121" 10 358.227436908829 2.01666666666667
"1122" 3 164.003357924256 2.21666666666667
"1123" 12 184.831074728234 2.28333333333333
"1124" 26 223.334142559742 9.1
"1125" 8 224.350646439535 5.71666666666667
"1126" 11 204.664861602624 2.75
"1127" 6 131.969086679662 1.78333333333333
"1128" 8.2 223.500228544282 21.25
"1129" 53 224.330320897995 15.6166666666667
"1130" 72 243.830795489454 10.6333333333333
"1131" 31 219.847455250662 7.56666666666667
"1132" 12 223.165857646753 22.25
"1133" 38 266.111721009231 5.58333333333333
"1134" 35 177.073077015946 1.65
"1135" 17 110.545354085888 1.76666666666667
"1136" 34 217.367212266345 4.7
"1137" 11 126.844263952449 3.66666666666667
"1138" 10 134.799075416033 2.56666666666667
"1139" 5 278.082089526508 1.43333333333333
"1140" 7.2 25.5249330750756 1.28333333333333
"1141" 10 23.8822413367411 1.88333333333333
"1142" 5 79.230943398407 1.5
"1143" 11 198.293011139597 4.66666666666667
"1144" 26 221.166772017326 12.6833333333333
"1145" 12 8.84770533943223 1.76666666666667
"1146" 20 342.394669748524 1.9
"1147" 5 9.00091573547352 1.83333333333333
"1148" 5 35.7032003055499 2.31666666666667
"1149" 38 27.9157817611278 1.18333333333333
"1150" 8 25.2596762941681 1.18333333333333
"1151" 10 50.5899967548044 1.65
"1152" 6 11.7940112819179 1.06666666666667
"1153" 1 38.8961303920636 2.43333333333333
"1154" 1 8.48088618871638 1.25
"1155" 30 228.669931406758 4.96666666666667
"1156" 11 342.656964925427 7.25
